GUIDELINES FOR MAKING MORDOR MONSTERS

LEVEL	STATS	HP's	AC	TO	XP's	DAM	
   1	  55	 10	90	19	 10	 5
   2	  58	 20	80	18	 15	 6
   3	  61	 30	70	17	 35	 7
   4	  65	 45	60	16	 65	 8
   5	  68	 60	50	15	100	10
   6	  71	 75	40	14	140	12
   7	  75	 90	30	13	200	14
   8	  78	105	20	12	250	16
   9	  81	120	10	11	325	18
  10	  85	135	 0	10	400	20
  11	  88	150	-5	 9	500	22
  12	  91	165    -10	 8	600	24
  13	  95	180    -15	 7	700	26
  14	  98	195    -20	 6	850	28
  15	 101	210    -25	 5     1000	30
  16	 105	225    -30	 4     1150	33
  17	 108	240    -35	 3     1300	36
  18	 111	255    -40	 2     1450	40
  19	 115    270    -45       1     1600	45
  20     118	285    -50	 0     1800	50
  21	 121    300    -60      -2     2200     52
  22     122    350    -70      -4     2600     54
  23     123    400    -80      -6     3200     56
  24     124    450    -90      -8     4000     58
  25     125    500   -100     -10     5000     60
 
	
		 	 	 
